605
381
342
590
301
147
15
550
42
331
778
247
12
38
205
24
655
249
315
55
588
220
431
130
126
50
805
272
546
662
299
938
426
81
934
138
29
696
9
416
167
684
651
555
622
150
533
599
224
871
728
865
989
752
302
385
950
213
464
252
341
743
4
380
33
839
820
930
103
67
995
958
240
899
888
903
569
876
507
976
517
206
48
675
934
434
948
674
779
549
187
816
232
757
76
424
680
271
523
782
329
602
497
157
875
769
625
91
864
398
816
75
705
488
734
135
695
328
446
598
891
147
152
554
879
180
727
483
823
464
224
298
353
725
647
915
709
891
799
166
809
857
809
381
733
113
111
744
23
940
729
352
825
924
891
182
451
942
277
696
43
142
267
400
175
518
721
980
840
819
425
803
529
281
789
34
337
770
821
767
69
983
460
883
734
871
473
429
833
465
465
767
614
104
123
667
591
409
207
215
391
131
903
204
515
925
823
545
135
857
845
680
122
510
627
59
682
384
666
304
46
293
147
375
355
658
190
425
158
123
443
927
563
606
376
938
80
257
368
809
48
927
294
976
620
784
645
105
476
65
985
207
743
903
169
99
983
528
849
857
736
398
388
13
415
917
117
516
134
688
979
426
16
856
256
118
998
171
755
570
13
85
949
94
138
237
184
660
437
278
954
552
407
511
73
649
540
282
561
703
667
130
970
788
86
560
191
887
647
52
100
813
772
279
844
651
449
295
874
179
733
457
79
856
734
427
19
505
783
606
578
717
609
53
903
883
114
161
9
578
46
297
13
386
178
141
779
128
667
422
201
246
407
383
969
210
51
115
54
658
541
685
104
42
473
383
205
720
376
960
537
288
286
297
133
437
445
693
678
593
647
890
838
362
406
333
310
226
83
693
832
999
108
350
37
360
194
971
912
794
936
60
752
706
884
912
959
111
250
533
765
358
437
461
12
650
847
741
635
141
73
978
637
682
128
538
181
936
260
773
243
474
780
883
656
588
138
132
478
494
373
200
975
550
928
475
563
646
339
386
513
452
336
772
721
958
422
71
578
347
731
23
850
477
290
292
578
553
805
423
513
715
264
142
767
873
3
87
754
653
975
535
598
873
260
790
138
8
162
698
166
68
554
132
762
350
350
498
261
636
896
10
841
915
873
797
189
194
5
848
955
335
316
924
371
197
425
976
217
499
154
570
391
107
258
445
162
132
380
417
524
504
826
118
756
965
693
682
999
463
601
944
3
314
742
830
752
629
760
565
925
373
281
761
483
327
618
734
657
429
636
57
813
588
325
451
509
199
169
405
504
742
976
754
897
210
567
78
365
427
693
532
372
815
492
151
223
66
635
430
348
959
26
571
826
545
131
415
988
291
322
553
461
356
62
183
396
527
863
273
759
541
370
230
736
104
685
998
96
174
228
443
563
738
58
545
717
406
927
353
80
153
89
74
106
140
72
17
754
309
754
696
203
362
670
806
589
795
834
723
859
132
320
815
63
878
990
722
298
516
466
989
599
510
194
607
452
296
125
597
32
669
245
787
419
532
241
201
69
252
955
922
572
205
494
947
832
274
11
228
150
350
718
238
843
764
98
692
169
64
354
293
670
238
691
190
886
532
396
531
637
789
654
47
561
543
418
395
17
246
774
179
286
897
448
682
951
8
943
654
435
549
33
5
897
662
252
334
513
304
62
300
877
479
590
360
696
671
676
301
347
702
676
923
289
175
8
773
790
10
239
879
589
741
97
89
756
649
150
898
291
84
881
712
185
474
302
806
307
88
985
280
332
643
308
732
872
110
716
722
655
478
544
504
66
183
711
136
383
501
603
47
522
777
10
263
821
964
739
814
873
201
466
702
24
959
548
946
434
365
217
647
933
427
244
812
540
378
646
2
763
166
424
806
484
938
757
554
634
46
910
908
371
901
848
454
13
842
480
107
635
765
702
18
285
956
114
96
534
197
723
443
318
737
52
708
777
660
218
85
202
993
312
388
454
308
277
32
578
789
800
697
898
540
367
997
464
406
521
528
825
662
21
437
323
467
590
633
849
141
677
352
624
395
904
641
453
314
563
976
680
82
517
744
396
26
545
777
370
54
244
371
139
690
260
540
973
875
66
986
718
643
183
437
113
449
74
503
636
725
545
150
842
545
848
743
145
276
42
297
922
812
264
795
897
307
213
933
135
364
667
578
249
577
259
37
899
80
632
947
952
42
142
644
509
95
528
594
842
517
396
698
833
768
65
905
380
387
540
806
236
140
368
272
59
967
901
266
287
811
843
65
644
94
345
880
671
619
287
802
778
619
92
618
968
969
744
480
512
353
657
513
540
826
712
812
673
869
586
541
194
262
307
32
673
331
54
740
423
184
234
761
100
738
28
616
49
750
304
89
224
421
754
933
154
331
525
818
382
533
208
802
33
745
609
517
313
60
944
638
915
4
57
329
120
896
413
802
798
97
764
923
566
498
318
772
508
374
877
343
806
236
359
890
976
432
728
355
129
510
303
988
805
666
173
220
365
426
814
258
918
723
20
286
769
284
236
535
427
837
10
939
182
602
831
680
645
167
352
687
168
59
673
289
793
775
118
900
325
99
408
83
559
620
425
84
216
73
122
692
196
194
927
292
501
364
806
204
834
492
574
198
74
127
90
860
50
731
492
993
167
336
210
328
430
927
380
562
178
748
464
573
45
660
492
974
131
382
787
429
968
913
67
832
525
210
9
433
531
564
34
485
581
128
525
859
983
599
862
574
984
245
27
86
29
2
154
413
634
115
729
667
943
64
25
253
270
377
803
221
918
946
32
613
714
978
991
917
135
632
990
531
520
214
445
724
887
980
804
524
57
595
798
416
835
366
541
517
103
272
590
606
796
641
656
38
213
413
371
50
10
237
279
3
124
198
148
730
618
301
366
289
573
279
165
323
149
616
778
348
437
475
814
862
43
385
735
878
558
408
511
474
610
755
515
819
317
796
292
637
219
811
899
802
906
301
34
518
477
333
888
597
635
23
612
535
422
416
959
739
463
270
173
211
789
891
679
818
763
345
6
352
324
141
130
626
575
12
955
742
351
218
401
225
519
914
839
587
143
980
397
900
837
552
175
949
639
688
14
16
621
216
754
133
327
536
273
495
893
986
959
411
461
218
389
246
868
947
691
874
53
93
675
783
947
106
515
772
966
181
986
886
998
940
121
136
463
268
897
982
641
344
693
157
22
986
440
619
164
929
81
691
996
139
963
529
540
970
186
222
22
501
528
713
999
73
413
520
97
253
782
600
50
709
234
708
399
519
762
960
665
896
608
38
100
295
890
859
976
592
595
492
82
675
961
140
816
980
158
948
573
919
522
910
147
480
641
288
905
256
130
22
209
225
557
125
893
491
614
704
183
554
544
505
658
290
518
375
747
94
891
419
361
813
387
745
374
698
890
619
653
602
954
721
463
574
284
857
118
836
247
325
367
453
766
20
376
18
253
857
961
267
540
811
364
711
660
396
838
812
751
196
601
994
51
580
599
822
43
85
7
661
257
911
846
567
53
908
47
368
369
356
445
34
657
387
62
143
357
752
913
887
19
306
85
52
724
372
403
186
421
553
975
169
851
301
11
629
964
796
659
752
349
471
443
396
750
567
338
664
519
456
465
290
171
119
642
950
826
795
842
680
506
860
946
815
380
277
182
357
376
432
178
561
94
161
538
548
862
689
302
157
35
738
667
964
88
685
997
732
658
60
803
170
954
978
247
488
524
628
16
473
386
980
288
87
279
904
197
11
580
94
89
138
493
686
646
767
194
982
727
694
280
450
699
317
629
9
606
115
914
51
25
235
673
828
771
54
450
581
686
184
488
987
153
564
971
665
676
268
332
480
295
541
900
321
194
936
282
971
457
270
299
83
96
530
70
853
464
665
914
593
317
612
297
544
206
293
297
136
345
964
332
338
782
435
755
484
335
352
635
835
771
479
125
416
885
406
891
622
495
119
202
12
354
739
163
683
245
356
115
901
639
147
626
493
938
960
300
661
775
585
518
113
31
80
821
838
488
881
659
800
402
674
641
227
762
320
984
44
272
73
240
979
237
733
197
625
853
631
477
924
107
230
847
909
600
90
981
274
917
325
195
363
696
315
499
964
506
399
730
618
975
257
390
703
346
539
875
297
883
197
985
856
404
734
693
173
826
731
627
673
339
710
126
947
877
876
283
922
235
232
119
454
901
858
949
850
840
145
563
61
214
684
391
721
340
338
958
961
622
327
138
774
772
57
279
265
132
442
825
470
257
952
63
651
78
531
955
546
785
843
332
682
169
566
459
655
320
404
608
539
917
321
301
907
94
345
681
844
579
685
718
398
320
94
804
261
622
739
643
808
383
413
177
778
994
456
605
207
597
624
945
727
834
287
552
935
652
155
558
733
850
111
966
100
125
934
363
76
762
198
33
580
760
799
157
504
144
522
912
637
739
475
248
955
740
991
563
34
541
868
609
467
182
910
957
273
447
78
653
61
94
530
444
399
591
365
966
35
130
49
792
131
243
920
993
376
863
12
360
134
371
330
534
893
589
566
399
850
842
883
57
67
868
852
544
209
31
848
364
375
25
529
903
493
76
478
225
261
916
582
409
436
717
520
689
764
996
551
810
26
966
117
193
246
991
726
262
390
377
785
346
16
647
985
109
842
427
42
817
112
341
138
934
260
475
621
349
349
164
779
213
480
38
338
408
908
336
657
501
350
216
834
883
132
237
394
788
732
411
846
338
954
733
698
685
828
183
932
771
370
377
913
227
597
572
865
977
310
577
201
507
769
540
467
895
506
254
802
24
82
832
617
937
317
442
258
747
340
653
579
726
403
885
132
973
302
608
286
559
371
416
479
156
211
339
568
415
266
803
179
574
380
908
690
538
760
976
909
156
315
119
638
657
997
475
104
884
409
494
594
898
968
244
653
665
354
462
727
977
873
843
481
536
474
6
347
494
195
594
214
325
698
131
244
252
778
821
158
736
236
684
7
771
209
281
606
137
256
26
184
299
250
931
283
472
637
102
183
992
129
609
689
815
281
269
200
837
999
401
886
532
304
990
742
190
836
710
327
194
399
210
239
170
410
915
76
767
848
772
614
677
639
166
608
626
994
191
491
940
82
768
137
854
140
651
994
259
190
93
635
927
774
989
594
918
371
520
405
366
193
432
989
227
787
210
893
139
383
116
196
646
219
387
112
630
74
384
31
759
920
817
578
755
137
686
902
649
572
690
256
475
786
126
748
649
779
909
68
929
757
855
875
74
897
989
709
388
877
963
844
986
490
646
445
376
854
235
90
101
307
244
567
693
859
721
860
94
638
463
851
164
317
101
2
65
941
504
858
148
977
515
772
608
845
270
984
140
681
372
795
545
819
967
623
514
289
182
214
176
130
615
749
415
113
680
670
389
645
380
435
351
376
942
123
792
472
958
848
590
736
720
412
267
668
307
344
349
478
488
776
759
290
682
19
362
766
358
496
165
599
596
495
301
937
445
169
877
844
831
43
330
334
624
440
410
203
482
747
805
337
321
911
157
604
675
61
693
924
760
27
115
463
684
990
140
225
112
330
224
138
467
505
647
445
446
426
666
243
609
159
284
610
690
828
279
685
338
697
262
384
476
953
84
804
927
867
650
633
300
185
92
153
524
668
869
816
264
711
158
250
395
451
315
601
742
504
773
855
712
455
886
414
68
839
662
514
421
842
518
579
775
33
942
424
68
131
87
22
958
462
421
626
540
12
989
26
638
482
63
424
94
794
920
845
298
678
85
684
7
356
395
422
194
579
474
362
508
891
534
612
417
751
896
250
34
260
873
56
849
637
875
938
780
94
485
980
112
98
126
389
46
403
16
603
67
999
432
961
537
627
517
747
948
451
7
343
897
671
811
38
804
30
834
370
480
457
642
100
94
494
250
411
765
146
566
15
735
294
184
35
827
912
518
223
120
129
990
330
88
142
83
441
286
89
584
17
568
646
124
610
358
333
867
44
378
107
982
802
884
992
607
604
488
777
210
892
511
612
250
352
467
312
13
951
411
809
126
676
561
549
446
90
170
573
676
495
45
474
844
14
146
188
445
95
535
478
953
508
878
692
506
956
396
771
144
46
320
916
633
568
980
306
242
336
547
517
435
914
101
714
847
37
767
237
206
279
867
918
417
932
855
617
798
869
44
490
694
399
430
631
176
129
841
277
33
839
945
110
548
18
44
40
407
164
844
470
189
159
565
864
179
401
499
701
712
364
507
373
293
57
823
36
484
470
539
718
196
491
205
367
333
758
371
399
888
816
210
635
25
574
301
535
833
565
452
775
630
140
564
668
332
573
817
491
194
9
555
937
625
126
274
698
954
199
531
421
31
100
813
896
154
872
349
719
756
289
203
919
19
763
89
56
926
536
35
760
941
879
205
880
262
273
11
898
300
603
580
634
35
32
744
530
327
668
515
460
225
98
735
905
805
636
918
861
38
218
771
419
165
771
480
152
894
933
634
881
862
451
419
154
708
568
884
986
20
559
729
259
22
574
536
843
145
300
75
626
354
150
861
82
831
162
470
263
552
593
635
393
34
633
598
773
679
582
198
238
751
932
841
478
488
513
398
590
235
636
8
595
858
9
527
713
590
338
322
546
99
621
434
426
924
337
225
388
976
762
164
562
102
837
874
422
308
383
593
318
764
879
29
915
586
40
534
26
107
884
184
342
260
651
139
130
498
415
554
152
289
10
614
473
473
445
493
22
135
106
405
207
744
4
782
220
593
519
840
884
802
200
281
92
578
822
303
451
698
745
923
892
829
442
30
754
266
555
443
141
546
513
890
1
480
977
597
256
869
919
536
979
575
669
350
89
728
522
894
650
143
43
323
390
183
513
378
303
974
28
954
39
76
699
339
290
309
281
612
601
226
47
582
779
209
943
318
161
93
941
26
743
661
793
998
504
190
501
818
967
600
295
282
841
965
498
903
875
331
61
780
448
910
293
425
96
461
544
181
239
195
217
210
34
3
211
378
283
701
834
100
807
462
645
2
930
764
740
814
710
41
442
830
33
162
577
833
368
369
902
43
646
321
580
772
383
85
249
839
754
121
620
175
496
960
972
986
265
292
494
332
720
729
470
198
753
387
178
871
425
377
11
914
798
792
453
487
881
873
619
845
516
901
60
590
420
268
334
72
189
591
568
76
874
571
323
916
850
382
20
995
907
377
415
377
111
706
377
704
507
486
105
392
673
649
815
819
670
880
778
485
54
107
683
833
809
934
41
227
469
537
636
500
853
623
938
139
487
682
480
714
891
630
564
703
487
176
403
225
755
503
247
970
604
534
942
800
694
581
568
176
665
150
235
970
849
605
539
50
711
676
332
987
401
65
594
423
543
980
347
633
531
816
471
966
290
666
895
320
681
138
445
905
114
304
49
741
395
593
853
882
637
354
514
80
172
259
569
540
939
519
258
714
235
935
644
849
678
269
680
183
709
219
368
573
232
426
874
97
16
853
29
949
127
465
995
178
302
392
794
32
97
356
380
163
880
731
671
179
659
199
63
127
912
671
173
419
986
940
847
745
385
473
524
87
491
308
587
770
940
467
547
287
474
649
86
354
839
206
692
500
755
695
437
817
790
901
37
455
292
577
192
362
544
50
647
624
831
293
672
572
144
901
239
193
651
776
652
264
585
819
579
780
248
347
990
689
36
707
297
589
272
132
478
363
275
186
742
425
2
461
523
546
533
121
357
853
457
245
166
14
250
772
870
473
997
411
114
197
60
958
589
124
996
84
301
12
424
875
917
466
35
228
263
124
297
33
248
128
990
137
233
791
542
283
340
499
262
5
366
864
72
545
366
44
872
399
550
450
819
345
430
581
328
700
979
22
510
746
177
964
164
986
207
922
725
798
582
713
743
802
750
419
510
53
394
490
862
220
252
897
483
797
308
646
707
651
463
841
304
318
988
516
827
401
701
86
339
443
318
75
816
837
706
18
594
11
72
275
307
490
160
291
495
279
482
366
678
560
215
75
335
741
409
426
813
235
591
109
352
308
151
419
901
177
82
645
91
291
52
696
580
189
535
814
159
698
21
549
918
335
408
778
228
244
740
76
429
281
204
360
419
962
922
998
339
740
389
318
198
837
275
387
508
519
494
146
206
594
267
115
214
43
190
17
900
373
191
658
436
6
216
809
88
691
277
618
266
536
476
418
309
702
351
82
61
22
270
709
750
595
869
834
15
89
147
377
772
906
99
965
550
731
882
192
621
465
300
816
242
875
879
670
119
848
805
511
692
109
956
878
103
481
908
841
137
382
795
998
545
900
845
360
438
510
868
578
820
159
461
595
722
454
468
874
715
200
716
166
283
636
684
664
949
220
863
69
823
41
56
239
670
301
272
341
31
519
233
608
980
228
690
533
647
362
157
649
14
34
127
937
665
630
715
908
216
182
410
218
647
799
755
780
104
222
925
421
182
128
844
196
966
108
185
56
946
152
18
588
64
215
56
789
914
118
574
40
585
364
125
848
110
16
961
182
472
910
430
425
437
735
467
885
190
930
970
557
445
660
962
65
165
822
155
432
743
966
865
985
648
885
836
818
3
995
87
951
147
4
583
37
722
592
152
328
747
170
599
983
148
17
595
925
402
60
684
288
860
529
438
506
45
444
777
551
899
649
883
195
844
19
411
442
77
925
343
573
670
826
685
573
367
882
838
632
290
910
417
943
312
799
91
617
565
77
992
278
814
600
428
98
287
405
140
129
605
154
848
476
717
111
617
34
844
864
140
163
606
146
262
988
233
939
882
45
927
794
876
1
933
65
758
70
399
587
286
962
742
709
27
137
63
940
227
201
182
57
773
701
937
829
672
669
339
439
865
347
522
95
201
810
278
847
542
652
353
548
635
257
578
178
420
896
119
125
926
292
713
681
863
870
22
175
64
104
393
89
730
960
722
939
440
647
509
216
859
216
399
575
848
634
422
516
123
759
409
775
550
215
513
573
634
840
232
330
789
103
784
438
259
264
817
674
535
639
737
773
388
902
266
711
893
139
833
230
449
506
53
304
694
617
539
516
448
149
306
600
415
179
427
756
431
960
316
584
816
747
981
483
23
636
388
647
948
801
680
495
8
3
881
284
50
480
743
641
725
301
227
386
334
137
359
210
476
509
280
932
823
249
413
701
524
570
282
59
230
891
568
646
469
810
593
413
297
144
707
951
217
674
859
516
520
595
149
885
278
179
172
440
522
747
672
758
589
180
759
480
199
684
412
834
733
581
917
523
544
945
912
333
802
328
715
149
390
897
181
929
421
396
781
51
719
128
124
721
139
834
823
117
384
227
752
533
263
26
782
939
678
625
341
332
266
839
638
194
32
523
369
692
999
830
60
803
903
361
115
605
457
196
385
709
123
795
948
575
576
183
885
364
115
242
251
795
55
450
784
880
490
930
690
615
466
131
118
554
168
949
629
901
910
178
482
482
241
631
209
471
890
63
618
849
637
5
578
758
579
265
748
453
576
235
115
527
506
769
244
991
677
395
407
626
553
984
454
937
759
769
554
423
241
314
990
428
312
841
978
461
553
360
974
903
202
177
326
676
63
955
976
472
388
218
793
495
655
992
296
653
551
640
998
810
710
325
213
263
244
687
215
665
791
782
439
318
420
504
424
377
658
778
875
804
792
83
36
24
520
496
772
320
545
325
910
912
361
165
193
876
963
64
432
375
740
311
680
605
779
476
75
151
568
918
994
772
765
195
18
628
290
190
742
748
915
895
120
466
871
526
956
256
312
548
413
595
346
501
64
481
402
430
245
45
421
621
752
627
330
138
148
167
147
565
586
774
322
684
459
845
192
215
733
253
519
818
839
21
505
400
427
265
131
536
226
860
945
697
327
295
144
493
136
733
378
790
109
746
961
639
274
662
42
219
290
188
696
991
525
602
781
732
122
930
711
883
36
610
339
726
829
624
357
165
701
699
79
1
874
729
709
94
59
866
126
764
224
912
247
39
165
953
172
724
513
412
371
206
23
495
754
499
407
236
810
649
306
876
517
590
110
696
117
796
893
688
673
256
804
946
660
124
363
301
562
875
453
632
652
290
329
872
977
380
974
211
686
823
56
477
459
347
395
656
928
468
837
376
831
825
738
115
401
76
835
631
136
106
673
934
197
674
224
228
262
237
718
737
821
682
2
850
201
328
488
313
729
707
372
94
38
77
800
827
552
214
471
902
544
344
76
580
150
121
281
785
123
168
394
692
750
101
555
150
823
888
914
74
587
523
902
429
734
580
897
120
873
397
676
49
765
816
194
477
607
422
700
80
47
703
190
561
313
680
344
937
522
651
5
663
300
397
315
21
442
646
846
570
224
161
911
726
492
346
926
934
906
78
542
401
189
835
27
884
334
341
117
54
237
959
598
223
393
13
749
368
501
173
36
960
576
131
855
886
791
464
70
966
754
409
31
444
109
603
475
464
370
431
687
102
530
793
333
265
563
689
333
479
597
558
433
734
43
581
825
58
979
141
93
870
271
150
299
827
928
154
114
790
538
285
997
71
485
934
431
783
797
590
323
103
131
591
370
196
976
297
402
528
778
417
484
230
338
817
830
381
494
506
337
410
576
543
940
312
560
363
249
109
151
43
261
390
817
989
739
680
779
103
851
631
751
586
12
122
800
768
732
668
104
50
289
291
254
913
527
587
650
59
636
613
48
294
377
735
156
95
413
349
78
151
601
391
655
705
658
990
531
819
511
792
631
581
5
101
753
969
136
903
463
152
30
721
467
238
584
458
209
277
965
706
356
384
591
953
449
898
636
549
256
537
57
831
547
844
982
467
289
276
981
187
958
509
885
925
122
879
924
417
122
200
781
255
854
805
436
248
990
52
652
855
334
587
648
925
96
199
175
622
256
117
170
932
295
779
747
847
498
665
831
569
974
219
427
56
755
801
976
741
408
735
477
237
624
127
852
371
860
959
829
923
705
302
162
5
31
849
960
76
58
589
749
325
220
83
881
115
160
592
171
295
222
433
215
521
640
932
309
168
926
377
986
538
835
908
864
673
58
423
26
906
841
901
684
819
985
153
18
541
246
738
211
268
789
535
701
272
87
640
365
98
540
792
149
681
603
211
489
311
219
209
57
737
567
264
453
320
749
396
535
487
915
767
922
188
166
718
749
301
208
592
586
417
59
927
366
50
752
3
216
774
663
706
323
37
681
474
701
526
82
381
523
691
105
877
183
773
869
960
515
884
462
189
104
626
623
639
679
639
897
404
568
746
180
761
824
209
444
885
507
692
17
223
219
826
70
894
313
182
745
593
180
791
488
331
313
475
603
697
414
42
795
62
628
678
813
776
512
344
53
973
329
984
454
823
868
239
969
277
556
728
327
498
894
305
225
776
259
848
448
350
606
747
471
465
896
955
595
541
13
293
382
968
129
771
264
195
338
664
463
74
505
326
141
685
714
298
167
324
453
38
518
664
895
703
367
582
513
988
926
912
644
429
264
264
347
359
369
123
42
30
439
595
385
374
844
280
606
785
751
599
788
271
88
975
775
717
73
425
404
681
682
349
737
551
430
77
62
877
339
356
928
45
283
423
599
923
280
521
859
88
975
727
238
328
125
373
342
289
488
629
286
944
718
360
348
90
857
834
944
768
218
729
447
395
671
744
988
664
377
851
438
551
566
317
706
954
111
409
426
58
735
773
389
709
70
983
326
922
76
509
66
446
577
91
869
247
281
842
656
380
384
677
912
637
192
734
378
402
654
394
978
448
408
887
34
445
340
737
325
687
418
67
589
867
785
992
974
475
448
459
674
269
752
46
673
58
861
752
518
336
606
924
268
682
531
617
38
690
58
425
906
543
517
969
962
318
89
46
851
199
760
903
953
195
719
710
695
362
215
975
583
588
219
989
82
494
798
907
336
169
954
284
418
24
553
131
751
783
84
355
969
816
900
319
575
702
970
74
962
821
921
676
476
82
841
318
324
528
888
468
520
181
709
683
245
476
485
930
642
588
959
912
278
859
7
767
688
899
415
379
524
725
944
515
247
278
808
337
182
235
806
224
895
616
834
788
108
217
74
99
218
41
431
374
862
10
398
616
76
75
630
424
114
509
944
795
237
194
436
967
668
149
749
408
782
735
18
662
25
218
659
471
825
316
161
483
294
571
653
238
879
192
261
107
604
382
111
386
672
40
552
913
780
107
431
69
292
23
592
127
991
736
591
857
415
160
598
797
348
461
501
665
541
199
88
476
887
642
804
400
625
632
990
985
666
746
690
719
884
93
192
272
979
527
246
144
601
403
691
444
783
313
38
211
539
886
373
582
20
955
182
649
219
193
501
360
746
606
192
669
470
879
913
256
269
230
686
14
952
943
875
484
950
360
616
313
594
779
446
780
374
108
699
929
911
543
53
786
27
886
397
994
212
23
974
904
400
781
942
310
200
359
629
76
80
697
698
858
576
188
766
967
161
412
296
362
181
983
345
726
177
899
986
67
547
880
273
928
385
712
913
812
836
137
580
15
479
623
849
214
844
194
211
839
120
430
834
800
727
613
723
416
437
217
133
300
372
562
529
199
424
770
474
864
275
953
131
24
831
282
882
557
134
131
881
982
689
148
946
117
47
472
202
772
988
497
376
620
4
281
642
916
95
650
789
74
720
346
564
167
299
810
969
445
730
166
282
306
335
150
610
225
616
412
153
952
569
701
875
777
578
511
21
551
640
966
463
484
341
807
263
344
583
780
818
237
503
756
42
823
215
70
285
853
670
418
301
682
498
837
505
19
471
787
589
788
790
419
805
764
702
798
964
527
887
267
641
835
594
915
450
813
659
53
562
508
226
167
880
223
665
781
985
504
303
244
872
796
192
30
447
85
951
278
121
417
106
757
966
404
776
465
89
583
388
691
359
418
226
81
562
623
538
583
99
921
812
461
224
644
394
844
644
564
468
365
861
382
931
145
403
469
201
477
446
201
693
403
116
611
884
455
570
111
468
823
546
369
179
200
604
644
533
322
10
932
820
524
115
23
830
977
487
81
678
94
423
61
137
897
228
410
345
612
759
939
275
534
97
645
818
493
203
731
540
758
935
878
468
514
381
169
289
93
781
907
967
490
432
374
401
485
232
281
971
195
299
920
562
70
658
286
428
470
205
337
774
755
540
920
159
544
593
623
517
60
121
253
831
852
971
785
103
722
244
333
262
921
760
346
459
15
316
398
855
95
740
819
888
445
133
213
949
511
216
856
892
608
763
911
74
47
90
710
99
873
184
706
226
871
75
852
994
195
462
144
228
196
767
423
319
302
364
386
720
759
835
592
506
388
441
654
158
848
272
413
924
606
299
982
911
35
593
18
371
280
218
754
50
73
628
696
840
341
593
771
682
704
990
339
38
591
201
838
430
420
694
147
923
50
219
622
896
785
512
285
709
347
16
440
541
82
542
434
759
745
814
817
256
500
730
221
616
960
945
320
833
755
588
950
585
71
831
1
853
7
799
56
829
308
63
336
689
550
797
955
50
766
79
684
606
877
891
423
320
997
6
936
839
192
451
953
758
65
854
470
250
542
580
753
945
759
987
948
438
394
532
66
163
989
271
68
676
903
345
708
180
409
681
855
1
863
216
637
856
109
577
624
696
328
705
507
186
326
738
847
889
942
985
925
466
940
774
849
921
384
277
855
720
147
291
841
861
725
752
83
543
350
93
329
816
907
370
835
284
763
881
351
165
498
818
238
424
755
390
61
89
366
716
472
831
722
904
549
38
864
646
461
573
656
304
539
850
656
110
558
570
939
566
158
503
926
691
222
328
53
418
106
336
692
994
178
634
620
497
94
4
820
797
420
118
421
777
509
195
279
387
767
646
831
491
150
800
558
969
905
32
682
222
984
446
540
126
881
662
126
905
230
159
16
554
749
142
146
41
82
150
182
28
49
666
650
460
504
202
844
377
76
651
592
63
322
599
813
973
577
296
895
847
69
374
157
608
630
277
741
8
654
518
887
755
849
654
173
318
795
81
621
680
817
748
829
579
567
952
233
150
328
172
464
786
254
335
959
675
509
43
830
228
460
836
723
558
763
836
213
667
427
496
179
497
674
216
30
320
544
578
42
677
44
591
680
482
54
101
502
514
694
497
809
753
251
394
220
980
26
272
815
730
739
566
723
832
993
967
113
38
305
640
132
931
1
153
184
868
157
241
504
662
335
699
972
929
686
425
247
281
995
50
294
272
762
312
937
478
868
847
489
87
988
464
210
55
366
877
753
98
211
351
823
785
768
153
395
41
593
793
146
569
720
831
42
256
346
859
170
689
215
705
1
309
751
417
674
871
490
917
564
809
672
149
71
644
226
508
503
609
916
896
884
75
702
920
367
158
422
953
708
506
708
64
882
505
351
514
34
352
479
524
551
675
230
337
896
572
761
398
30
837
356
560
772
318
821
925
607
831
51
517
449
536
210
58
101
608
266
566
294
711
475
152
131
393
346
209
845
365
24
794
396
25
923
870
150
149
292
564
683
425
906
202
302
962
75
16
466
172
236
289
306
196
104
319
363
205
430
380
972
612
81
243
808
256
121
425
612
339
908
952
317
701
882
868
804
273
850
168
318
330
743
674
130
735
489
201
920
605
508
945
718
912
592
72
345
664
394
46
841
650
403
128
263
283
972
604
314
235
514
91
355
262
63
642
869
406
113
74
767
920
504
8
831
962
234
405
110
810
524
140
879
804
327
667
927
615
411
846
762
884
887
685
92
417
591
457
849
949
203
939
552
320
279
921
147
395
297
300
49
568
494
503
711
374
212
550
934
395
715
254
994
266
311
882
34
818
916
414
372
777
555
161
608
584
588
559
526
406
521
533
319
111
798
195
390
384
974
717
206
41
522
455
235
948
944
286
10
397
887
329
479
882
928
272
14
334
895
128
785
652
25
529
874
182
935
883
468
116
492
650
844
199
208
331
255
100
925
659
640
303
550
129
518
193
55
436
183
527
182
57
488
846
931
553
17
993
581
53
13
61
817
893
904
238
484
280
675
597
17
913
408
236
487
483
103
895
11
682
128
500
701
941
934
436
162
997
267
655
315
262
519
873
646
580
485
656
225
281
708
774
761
586
510
269
648
253
360
449
451
122
982
898
924
513
360
876
959
468
77
487
13
20
282
754
395
535
589
907
997
446
670
730
974
353
738
116
431
666
788
908
637
818
205
194
280
620
948
134
221
609
697
756
205
221
762
741
304
756
873
113
663
452
451
5
451
252
924
571
774
244
445
294
680
168
849
194
815
89
474
774
587
456
687
389
749
914
526
753
591
997
811
675
792
675
245
186
367
200
743
28
695
377
359
976
165
404
77
37
371
568
925
215
282
100
526
208
765
63
256
537
726
172
980
777
433
770
502
5
922
664
827
616
346
446
80
210
98
711
224
345
838
489
382
23
73
596
393
692
150
38
420
304
944
207
302
524
396
581
543
395
902
72
114
707
741
310
869
836
20
316
111
54
838
910
698
237
789
957
705
836
377
809
854
885
244
523
671
140
145
556
814
516
168
829
442
766
376
675
282
762
727
557
673
834
926
367
465
35
508
65
734
439
876
707
18
94
217
228
463
218
638
730
691
464
502
595
886
10
468
932
861
115
675
942
109
820
137
21
959
877
58
637
632
80
821
376
639
460
812
349
550
148
212
65
124
997
865
209
333
332
480
456
566
576
204
619
763
934
598
197
957
196
269
586
160
2
98
612
642
127
955
426
198
120
382
713
903
611
818
112
955
927
688
628
397
602
72
56
875
203
612
705
861
615
392
354
879
626
904
123
899
254
566
206
377
55
259
446
194
491
716
152
116
487
242
30
508
641
189
558
930
42
736
440
514
250
564
582
728
29
833
277
706
696
212
701
361
482
252
343
343
625
862
384
486
461
590
375
373
362
846
239
438
347
192
857
517
126
692
127
490
676
718
166
658
439
445
420
275
540
669
26
390
845
216
306
180
352
954
53
660
189
210
367
183
594
839
360
504
355
184
236
789
125
852
666
906
696
726
47
16
170
101
832
693
820
849
592
132
886
678
166
172
639
467
302
467
352
983
64
600
86
916
920
357
434
236
265
993
549
399
483
626
907
38
490
89
377
674
362
745
247
229
617
677
19
64
151
657
551
200
555
713
663
447
930
254
180
476
260
584
584
599
582
487
195
539
264
602
977
213
90
678
621
318
353
856
299
244
338
370
86
607
442
349
844
770
963
461
107
236
909
901
415
778
161
648
646
131
482
479
799
548
680
339
110
876
92
345
94
74
955
936
139
889
498
976
158
233
642
425
576
802
495
741
303
189
264
843
158
705
211
168
761
858
570
538
927
104
240
968
678
618
368
34
281
972
762
525
280
185
490
413
488
58
903
997
53
939
36
920
613
249
188
388
862
787
176
280
320
960
50
54
993
674
746
958
435
462
460
331
427
738
563
973
215
798
679
703
955
573
485
987
68
320
355
430
431
980
171
494
797
482
206
320
135
437
420
814
312
944
562
591
480
705
494
874
686
215
173
65
108
472
325
746
476
63
986
674
319
317
527
454
292
965
533
944
533
243
838
778
378
865
392
11
11
893
507
363
825
480
743
217
808
106
387
326
158
459
843
72
450
746
495
994
418
108
300
515
172
550
342
443
376
394
687
242
80
314
736
582
555
623
848
839
573
311
646
186
578
207
786
74
400
766
328
632
370
397
593
902
594
992
192
276
139
301
840
414
419
145
246
843
723
262
517
827
898
656
422
107
462
114
936
964
763
268
44
609
66
55
871
682
721
833
987
563
432
572
701
273
470
233
766
433
961
942
351
138
250
501
734
714
975
486
441
481
56
227
513
870
258
232
349
364
273
564
122
889
274
953
396
326
954
150
637
230
347
504
4
820
917
905
359
565
321
158
707
236
393
507
508
205
60
831
15
239
883
402
160
397
820
461
863
297
105
408
759
826
848
212
134
552
223
692
952
352
872
784
44
116
856
886
497
767
446
191
267
124
135
398
346
944
344
606
999
456
42
63
460
912
398
881
387
182
373
955
981
367
878
663
367
100
359
45
541
934
964
97
851
913
141
636
691
451
865
189
208
617
692
496
310
809
324
131
718
975
499
315
394
490
210
899
245
472
32
247
586
300
66
66
492
945
212
546
771
761
190
936
316
184
747
365
675
382
353
557
775
228
326
566
435
649
702
361
704
242
391
220
419
619
603
908
552
627
5
365
598
778
360
956
785
563
999
211
742
844
225
863
120
475
471
359
973
500
630
842
244
850
842
530
371
970
517
697
581
839
813
48
378
987
958
997
868
370
780
872
650
492
619
859
17
528
100
944
148
245
934
52
997
162
122
748
936
829
586
814
46
302
629
903
32
178
485
132
516
474
490
604
719
757
193
752
232
982
514
843
871
573
550
336
904
761
51
217
866
211
61
39
783
965
826
348
862
716
828
839
43
967
428
673
754
331
333
240
969
369
516
953
316
742
943
472
752
293
998
270
127
269
266
306
414
452
820
753
930
844
889
516
155
674
800
903
146
876
582
574
428
810
248
497
694
108
723
41
23
354
596
569
717
558
712
774
702
122
260
303
510
580
309
125
480
1
799
641
942
41
327
875
711
425
841
316
21
768
611
306
729
779
731
576
248
320
798
596
961
26
201
24
617
280
64
848
501
123
18
693
308
82
99
981
28
721
858
293
716
396
753
934
511
953
574
730
848
733
876
160
203
204
679
917
839
304
258
432
361
992
814
898
750
917
997
647
681
749
549
527
462
506
879
565
272
267
513
663
705
334
1
768
246
857
491
105
402
181
142
724
463
427
931
723
582
855
184
593
955
926
49
99
184
350
698
696
324
114
645
573
790
594
726
28
992
47
652
893
427
892
245
500
608
825
65
35
575
156
983
417
84
920
708
779
285
901
585
896
160
794
781
288
536
569
933
868
701
903
731
536
203
291
166
64
681
549
491
359
286
664
122
168
131
229
490
870
886
947
743
91
461
756
734
632
112
957
964
40
892
196
334
671
425
448
214
793
754
645
98
735
411
227
611
495
673
613
158
308
79
63
982
754
161
640
75
447
556
534
951
724
585
452
467
91
330
451
743
682
15
696
117
242
849
8
680
235
146
239
959
498
799
656
960
829
214
580
511
784
374
767
237
220
693
373
151
958
759
521
165
222
870
476
293
382
946
740
904
153
959
839
302
318
575
454
925
928
492
637
876
750
940
958
308
248
460
896
549
477
856
721
475
624
74
737
628
324
364
578
882
473
675
358
825
534
465
918
645
240
447
223
467
123
644
415
282
912
168
46
922
51
192
427
297
238
364
677
245
837
826
602
565
913
755
404
76
583
134
774
782
541
251
309
31
633
254
353
980
659
455
715
156
318
655
831
282
249
61
587
171
788
674
807
414
845
658
554
367
240
339
699
779
394
264
381
799
882
397
663
984
12
696
586
382
111
446
247
258
923
123
826
522
546
603
993
867
444
895
186
975
700
986
741
320
756
936
762
55
275
33
399
852
398
603
159
93
88
425
304
399
412
296
443
118
513
177
233
790
270
513
355
987
211
687
284
26
955
267
626
174
684
193
983
891
723
974
124
943
445
901
780
20
592
786
564
405
543
623
806
579
704
972
784
761
677
412
641
710
319
134
138
821
799
130
715
220
312
552
394
538
54
290
346
369
733
336
395
425
124
879
482
332
460
47
470
711
408
222
214
311
333
414
624
311
764
958
220
462
72
345
93
990
229
268
526
415
626
416
29
341
17
216
587
440
651
805
362
752
660
4
811
91
338
84
205
639
665
35
604
775
117
933
354
779
786
492
103
192
520
56
85
991
193
873
294
117
827
185
659
958
596
468
802
68
533
3
652
146
63
887
749
592
811
254
225
84
862
807
653
160
702
171
232
604
918
819
897
465
789
88
812
480
376
646
179
649
131
286
246
784
839
957
129
633
306
493
181
939
648
210
255
20
532
500
256
426
236
198
149
713
105
188
357
974
75
270
216
166
76
576
953
576
562
868
320
745
43
598
299
426
639
957
816
579
833
793
948
875
390
752
413
933
138
532
679
652
600
154
559
36
277
16
864
73
257
678
457
663
180
511
384
637
899
723
75
147
371
777
142
282
322
341
775
323
163
21
439
30
190
668
146
888
40
263
149
624
94
743
322
156
336
286
696
879
369
776
35
415
458
532
281
823
12
277
714
936
240
541
910
237
239
427
474
512
365
495
597
636
574
450
54
627
455
985
946
37
644
896
954
387
985
25
572
657
387
323
876
763
548
213
385
553
833
86
916
908
812
184
514
873
179
398
840
8
479
654
368
27
331
678
292
343
586
524
251
215
855
816
126
43
618
834
88
362
66
500
794
370
70
39
225
461
383
82
208
588
184
564
178
733
954
850
432
869
920
42
966
310
834
702
53
995
59
471
255
344
310
479
942
979
859
997
956
293
454
831
960
505
316
663
31
292
638
393
88
768
402
219
441
24
533
484
536
368
985
229
403
911
826
863
278
705
622
199
873
957
893
140
416
90
82
462
994
171
671
761
357
666
383
487
942
92
38
918
446
376
461
589
307
226
429
49
678
452
386
326
670
440
519
131
874
262
802
352
942
72
490
365
696
225
872
736
529
339
921
186
668
703
753
498
496
304
833
190
661
34
783
542
785
345
91
917
147
253
613
680
289
685
976
375
885
97
893
83
353
692
519
340
530
200
658
966
686
22
634
570
429
612
691
909
288
947
579
351
134
954
590
277
726
242
896
982
727
379
612
400
411
750
836
968
514
444
13
586
687
125
231
125
618
43
251
676
994
68
87
938
517
542
948
399
102
243
613
289
303
675
240
308
410
235
159
679
775
722
395
844
935
993
664
10
724
466
658
683
991
221
988
659
292
674
883
869
801
438
867
271
830
723
283
13
884
922
714
384
884
572
900
272
672
242
3
523
878
939
674
635
585
929
297
83
687
580
17
736
352
289
877
338
854
125
14
212
710
651
125
802
751
275
799
420
320
716
987
50
671
360
991
862
764
232
686
901
426
201
325
304
906
978
33
595
694
563
418
548
229
790
812
227
814
872
884
311
131
877
763
971
593
966
65
991
298
15
573
623
438
113
786
510
327
820
896
773
242
205
725
756
299
439
821
881
547
765
48
891
348
376
770
548
437
354
711
939
913
41
297
680
989
794
110
116
5
302
900
994
976
111
69
926
153
7
673
154
146
184
444
533
967
681
276
63
342
238
73
972
110
956
859
201
907
46
766
504
330
705
876
246
864
54
915
237
307
844
396
430
681
558
794
730
597
764
712
309
519
47
773
767
229
927
885
20
252
867
19
108
241
169
823
440
307
199
668
914
766
39
755
498
841
643
292
551
163
130
604
144
333
458
984
283
931
110
17
937
169
895
985
440
825
288
190
512
734
354
423
398
96
798
542
481
291
276
925
586
635
334
857
122
264
875
774
783
184
541
508
198
183
730
746
870
54
316
672
554
453
779
817
809
706
206
48
535
915
504
991
656
184
430
303
834
39
863
176
949
513
407
328
194
845
226
216
365
52
671
427
974
603
372
133
855
516
49
416
58
828
240
867
680
549
852
14
752
428
911
832
190
141
722
41
47
452
624
963
481
990
682
483
245
77
18
53
812
297
447
319
989
447
119
122
274
539
648
644
993
212
463
936
141
838
237
834
880
332
87
404
891
85
935
67
146
757
623
603
532
799
202
456
981
593
842
743
22
600
767
507
803
979
969
269
527
746
343
406
839
183
172
481
211
44
427
905
512
53
976
517
916
46
113
195
11
8
955
548
995
494
813
280
564
579
600
911
115
666
539
400
414
217
763
349
627
721
245
938
166
937
231
969
624
251
590
758
867
775
259
520
790
795
410
346
369
891
916
631
443
515
790
845
513
577
103
700
283
763
567
289
763
18
382
59
264
844
656
314
988
842
45
340
408
20
609
619
806
418
980
735
804
613
496
651
148
385
456
48
148
890
475
104
208
969
757
773
413
352
82
525
236
603
643
600
470
450
438
494
967
483
893
864
783
832
484
150
522
730
910
878
388
608
166
99
367
940
132
438
263
836
206
455
336
455
499
202
970
895
181
697
947
962
81
665
997
611
321
376
486
608
252
682
441
204
137
627
437
544
233
529
319
1
232
132
278
438
529
328
333
282
179
626
550
214
931
426
528
501
102
756
620
755
952
655
584
523
15
133
319
872
765
427
663
651
378
947
731
949
387
559
82
992
44
204
429
626
133
228
272
711
100
935
443
476
908
563
48
576
547
754
424
396
10
461
517
752
962
898
835
984
694
579
114
543
675
628
712
749
226
958
391
786
860
607
773
829
983
188
742
814
899
155
402
633
135
685
982
583
686
677
663
234
393
288
17
520
822
900
801
281
851
299
351
588
364
638
536
402
687
688
768
775
157
21
85
540
178
481
408
989
646
129
63
549
295
157
394
573
591
253
8
84
386
462
963
601
803
813
269
497
150
580
895
998
908
888
78
373
203
476
343
341
492
811
634
722
236
802
294
207
244
962
811
434
681
685
389
694
57
484
736
364
212
911
839
67
234
65
640
407
79
22
371
116
910
666
591
575
827
241
365
2
520
62
253
188
769
461
318
224
499
383
316
718
739
978
130
581
971
568
489
172
163
887
129
223
591
696
524
15
94
814
866
816
120
735
844
150
658
652
297
772
747
417
907
695
706
652
376
931
537
10
603
259
752
194
839
632
933
31
596
74
937
303
130
685
517
499
599
5
135
979
923
320
271
716
424
745
980
433
516
939
320
592
478
85
212
607
64
925
896
212
217
627
56
224
834
444
288
222
179
207
54
371
797
557
87
283
988
36
769
94
652
501
514
657
753
346
824
45
473
909
436
673
109
923
763
296
264
47
881
980
458
758
254
310
885
949
795
920
997
928
619
29
157
803
560
715
113
399
471
489
620
243
748
270
771
380
263
874
794
790
20
941
154
789
635
893
248
205
771
803
551
903
48
545
290
407
517
306
363
49
184
865
576
393
360
216
10
983
539
506
686
921
127
208
909
678
874
367
168
666
467
908
627
667
938
716
195
204
980
364
863
957
511
746
607
154
365
761
429
420
884
265
665
266
118
630
777
839
635
611
533
150
138
697
581
275
238
908
454
643
21
806
4
175
643
729
410
381
600
755
313
113
938
748
782
203
243
361
550
309
939
356
568
369
831
713
819
813
165
332
915
457
307
785
399
78
261
491
623
388
220
397
240
880
299
420
212
390
915
378
32
877
358
146
704
665
238
635
344
929
909
597
216
268
839
856
806
153
349
704
942
752
738
162
89
543
116
688
70
411
502
430
898
787
301
39
99
162
82
734
840
626
147
694
479
623
182
971
41
442
614
59
41
212
436
279
140
197
57
161
549
549
565
933
427
479
698
428
967
800
757
644
71
615
863
316
606
44
683
466
362
145
647
628
796
443
390
687
351
22
899
902
105
920
185
291
61
213
267
999
924
753
4
240
685
969
987
425
348
121
673
96
513
590
799
405
901
937
137
984
90
12
78
945
901
855
540
151
430
572
255
393
777
683
542
609
141
408
943
826
455
964
340
231
349
804
389
514
121
780
389
124
76
282
909
913
675
58
339
829
430
837
995
775
865
280
319
829
49
191
264
494
994
311
530
126
672
847
597
97
466
27
30
650
184
131
317
495
774
629
933
83
69
114
397
618
968
564
365
69
486
559
466
930
516
894
130
765
752
783
242
828
461
243
363
403
807
345
592
734
963
823
56
420
258
181
426
880
913
912
157
108
482
529
611
907
561
100
134
289
2
551
742
990
388
106
622
826
750
993
810
624
972
631
105
662
503
46
672
336
469
249
852
840
626
134
346
931
631
456
842
707
211
303
733
412
82
65
33
153
559
600
131
919
102
533
135
850
424
949
404
515
427
798
820
752
699
901
365
254
759
691
195
295
151
103
413
669
898
693
580
439
14
520
776
868
119
932
738
94
998
496
507
681
52
328
280
413
483
980
712
180
700
778
393
867
405
835
768
998
120
465
952
731
369
965
501
906
22
951
634
767
163
272
255
264
185
514
243
823
822
1
187
918
980
401
738
236
128
908
464
283
164
740
973
533
543
775
313
87
827
374
391
532
347
945
17
429
523
130
683
891
593
945
176
120
279
35
750
968
227
266
779
114
488
351
603
423
299
721
720
409
201
156
996
449
609
654
571
36
385
310
712
997
225
572
689
219
564
853
255
509
26
344
860
562
594
278
44
995
343
593
130
802
410
275
690
438
949
726
511
624
463
715
584
916
553
782
888
915
661
384
859
446
467
211
383
856
296
435
855
332
610
575
692
791
181
910
587
949
881
252
270
837
343
630
46
310
760
944
9
811
389
129
335
958
734
684
335
199
891
833
142
514
871
179
15
888
24
792
736
643
195
938
34
409
115
22
103
837
166
74
97
352
426
45
942
482
241
734
58
496
576
389
59
49
110
755
966
164
615
158
287
968
208
366
616
451
95
925
844
712
581
497
34
818
737
790
89
826
236
532
647
290
735
240
68
806
880
985
300
359
56
939
222
8
787
128
144
61
428
492
388
315
889
345
914
79
355
240
311
319
667
140
927
84
510
997
234
968
299
810
571
109
626
485
657
642
275
26
32
609
647
28
399
744
144
333
400
390
325
988
452
640
674
980
692
915
12
139
497
790
894
175
762
618
920
279
689
405
688
273
803
329
209
702
672
639
740
184
940
178
597
843
643
310
359
930
434
646
792
741
631
137
529
242
715
472
266
781
824
864
644
994
702
53
186
123
432
972
308
54
175
828
198
320
193
52
532
452
260
990
845
43
612
946
641
666
800
967
987
200
373
959
360
76
534
603
142
591
125
236
499
461
338
739
566
803
938
209
49
663
940
813
522
833
20
601
382
755
411
519
322
464
985
109
680
216
469
123
785
589
909
940
328
24
491
384
704
873
381
838
728
591
918
324
259
559
438
526
56
932
221
387
180
606
914
35
476
229
59
351
334
816
424
459
753
999
486
498
343
636
896
509
375
572
790
731
546
662
850
122
778
943
67
853
369
523
761
721
110
456
908
475
815
30
504
911
168
459
570
259
73
939
184
420
36
712
12
607
815
184
489
813
379
937
573
391
749
570
91
231
239
764
389
886
727
421
694
345
69
879
563
87
93
591
49
838
759
646
817
657
512
154
906
926
967
95
97
877
457
113
163
597
369
340
21
309
550
297
692
615
19
667
539
936
620
403
721
788
889
734
632
103
753
434
719
85
858
463
919
633
325
816
887
955
716
965
718
753
571
739
289
462
954
203
638
844
615
970
306
564
374
308
988
723
481
60
844
934
621
935
450
87
378
60
290
202
779
584
220
654
684
967
218
150
445
170
149
551
795
874
470
888
158
355
259
17
828
165
474
657
122
783
133
635
290
202
84
894
912
436
66
31
750
651
880
406
91
838
278
312
911
293
140
746
465
562
929
24
801
273
374
615
111
563
533
900
835
582
860
244
86
254
638
359
809
440
138
506
474
852
925
989
886
162
745
828
644
386
170
727
272
61
94
639
63
450
919
187
119
979
571
509
978
35
227
657
654
780
937
26
425
423
550
948
347
384
729
949
817
704
256
450
412
134
971
25
161
999
297
359
520
950
388
494
282
417
12
851
934
89
175
864
448
144
303
848
511
145
292
678
720
970
369
414
724
121
97
845
63
202
496
655
483
578
506
474
36
56
667
930
373
877
15
729
530
392
2
268
831
124
514
17
707
618
638
549
582
973
770
161
320
167
789
733
592
519
381
870
638
829
813
455
477
362
305
843
956
640
884
333
120
828
15
938
687
480
948
865
939
956
892
62
285
506
610
207
89
282
137
11
11
132
630
2
311
59
539
345
314
795
593
941
90
438
42
491
153
850
46
113
571
516
930
681
936
751
171
971
751
99
755
674
504
873
322
988
199
13
628
628
940
603
552
145
364
950
972
847
465
119
55
238
237
24
440
494
201
948
66
559
888
568
593
215
41
918
438
216
116
54
293
141
222
417
172
967
964
786
318
986
779
323
507
632
45
518
438
480
434
828
787
250
947
70
739
373
10
337
105
445
513
757
731
411
826
914
16
819
851
472
530
415
631
79
780
566
62
960
171
522
481
958
781
288
266
43
193
153
677
799
958
627
682
873
474
22
591
96
806
131
502
618
628
962
298
373
619
868
289
174
312
49
167
582
964
555
975
444
145
784
721
862
143
53
514
902
732
758
605
758
974
965
155
41
21
862
330
819
989
893
423
325
864
503
488
909
461
100
908
919
46
148
950
22
409
639
476
576
449
396
640
861
264
530
200
346
893
126
561
103
225
157
454
252
362
396
998
639
565
604
441
632
849
686
713
827
15
134
631
381
386
754
370
594
253
561
62
334
304
142
16
335
539
806
694
888
693
699
659
14
641
837
12
844
954
8
13
578
817
373
331
760
495
181
716
471
787
860
998
801
335
665
336
423
588
106
94
43
991
824
134
316
474
618
740
549
742
526
640
245
548
484
516
930
811
255
840
358
90
224
102
833
700
858
678
975
501
588
256
848
914
969
586
993
239
16
287
876
440
168
728
261
221
754
253
850
150
405
612
334
265
736
952
768
722
301
616
615
939
765
48
154
270
791
331
578
897
522
692
796
968
963
918
922
495
840
613
946
606
827
826
96
976
922
583
179
18
818
272
938
399
671
937
675
120
574
991
429
423
674
953
627
713
816
365
302
817
31
273
881
687
670
9
112
938
952
178
347
208
153
561
79
251
753
397
297
27
243
803
920
849
184
523
932
874
200
383
161
557
282
361
986
546
390
251
729
663
825
736
168
397
644
222
271
113
874
376
959
420
68
275
575
228
353
33
504
147
77
238
739
569
18
789
925
792
574
533
861
503
667
634
201
506
635
523
205
961
252
819
999
824
423
741
489
7
786
759
193
358
747
582
586
588
997
598
380
855
297
478
538
342
515
457
752
434
75
69
592
829
828
542
894
257
238
914
146
276
300
918
7
814
340
504
755
85
48
612
508
38
144
350
665
773
281
658
310
966
988
56
932
717
168
364
530
205
687
330
350
83
452
104
555
378
472
724
2
12
701
667
386
462
560
555
686
478
877
121
975
580
605
180
288
245
986
289
647
976
973
551
397
718
263
425
585
40
794
287
302
557
656
299
265
321
669
470
158
613
678
52
328
566
354
770
478
273
816
310
392
184
77
26
38
151
270
668
200
135
970
647
683
590
819
419
923
307
915
966
575
516
132
34
298
922
223
831
364
492
947
313
224
485
895
118
480
631
261
114
51
1
271
23
643
32
368
738
747
935
847
171
357
849
735
875
53
44
727
115
928
439
304
708
187
658
423
199
694
701
938
292
46
801
916
574
245
109
391
267
555
484
84
429
644
777
955
374
750
20
66
437
903
147
186
611
697
563
835
985
608
169
44
46
997
556
125
556
932
161
631
943
652
461
559
444
355
875
64
410
702
49
449
674
636
501
388
899
616
305
877
682
273
406
659
387
440
39
432
89
653
400
442
589
389
123
785
443
587
741
256
822
499
426
283
559
719
370
409
496
168
225
940
627
283
948
670
246
801
173
4
317
443
975
756
303
607
859
286
514
716
944
312
874
50
56
184
847
124
101
667
71
629
935
920
428
459
814
307
440
452
539
642
415
738
939
379
523
669
979
951
859
84
895
780
223
913
67
578
228
765
823
123
701
506
932
687
507
56
329
843
793
553
845
62
178
303
897
136
110
676
660
178
144
149
807
987
734
156
698
514
393
236
80
675
629
416
940
908
805
253
871
468
341
137
159
307
239
834
603
919
17
930
468
551
106
645
979
553
698
945
953
352
357
814
450
557
474
171
433
761
363
988
331
857
805
193
837
8
989
501
748
899
553
778
498
463
767
528
570
983
436
388
210
859
300
520
111
526
686
601
832
68
402
841
557
28
600
611
746
912
808
972
563
198
197
54
798
579
316
987
789
945
601
449
326
975
778
471
558
285
82
311
322
389
668
681
498
712
222
471
863
157
782
657
176
464
824
13
663
246
721
531
210
698
811
887
467
952
516
582
249
130
54
461
831
497
651
175
529
516
555
87
358
845
125
633
164
944
274
861
151
766
808
312
564
550
102
623
577
781
214
546
197
639
222
733
103
321
826
678
813
650
483
147
690
634
174
364
573
178
723
523
678
654
431
483
322
741
897
281
396
28
597
748
303
10
890
718
624
391
530
842
118
595
49
500
283
661
621
929
377
737
50
399
58
691
867
543
208
739
412
362
424
545
283
785
54
735
844
680
744
456
740
183
648
881
405
84
605
931
201
660
120
968
903
658
977
198
690
611
143
348
510
885
978
169
419
573
313
264
447
547
816
940
185
921
996
867
751
177
286
783
937
277
538
752
242
456
641
624
808
855
45
233
538
397
945
855
204
479
462
832
771
342
485
653
843
179
783
982
662
111
447
514
326
359
410
234
347
227
926
963
931
688
455
592
502
584
403
788
975
141
663
272
714
454
13
596
792
885
908
63
672
659
962
698
408
531
907
179
987
712
509
976
552
499
901
83
886
892
151
260
776
995
7
521
447
175
800
872
347
813
441
462
319
864
291
272
726
757
184
971
677
225
800
264
632
687
719
215
552
929
710
899
734
648
287
676
652
442
251
233
731
35
831
174
271
48
658
688
208
629
357
129
709
180
582
551
195
743
888
760
456
585
320
417
104
542
727
670
577
614
620
285
507
950
240
642
393
627
992
584
29
32
7
923
572
581
191
554
67
736
482
909
553
491
777
147
714
415
70
729
320
987
111
594
10
73
622
758
939
940
158
568
750
304
731
425
578
397
844
522
352
174
604
841
133
711
731
16
174
94
927
978
557
264
265
41
920
413
913
500
959
432
614
126
578
913
159
249
760
353
568
318
570
547
378
147
384
269
461
299
341
606
585
845
13
179
12
487
40
690
504
165
483
345
563
919
559
478
264
219
552
483
256
820
525
610
409
10
886
118
657
651
952
615
159
353
846
768
114
399
902
672
209
70
848
404
834
226
984
458
588
905
6
242
746
857
351
764
321
403
770
2
601
922
33
853
212
867
187
211
73
790
365
864
317
879
275
187
972
122
775
184
26
428
530
751
645
710
868
301
3
83
448
711
629
901
72
287
37
995
192
967
39
774
385
798
541
142
925
867
583
165
792
199
627
586
976
173
392
281
208
502
998
885
208
990
342
654
235
416
808
988
150
976
929
808
145
252
44
732
211
504
784
2
717
838
290
249
84
43
924
899
894
755
788
690
968
154
566
394
456
886
906
510
60
595
15
816
270
819
442
725
130
660
71
703
717
997
168
370
700
93
570
192
491
908
94
394
188
240
839
991
686
649
276
324
597
275
942
123
823
474
979
265
601
200
769
234
685
86
972
971
985
196
694
363
317
715
20
151
501
621
628
30
979
451
40
480
385
746
106
443
55
46
547
226
114
306
591
292
140
860
708
103
268
868
7
490
955
912
8
882
255
792
622
203
846
949
285
151
160
289
849
939
979
529
916
939
649
468
250
11
124
727
12
640
912
525
762
111
444
549
525
472
738
223
188
263
424
344
380
164
22
440
132
850
12
769
124
738
952
67
841
487
663
997
759
528
780
981
291
321
188
174
706
611
764
377
202
756
342
654
516
305
88
87
989
683
596
162
629
143
402
25
159
378
708
38
808
740
464
660
482
442
54
59
976
847
734
521
86
634
568
367
396
299
550
536
400
577
9
76
931
619
352
148
919
163
16
328
902
726
568
461
293
681
172
74
252
30
110
142
949
75
76
994
575
36
628
860
827
173
638
232
732
389
728
862
91
906
140
813
832
406
619
360
66
108
74
714
127
476
284
370
467
866
126
856
544
357
572
883
534
156
500
729
88
337
728
903
953
309
983
345
890
297
310
543
456
716
929
468
961
913
733
351
888
269
765
865
263
872
319
733
334
256
280
677
905
889
272
729
379
171
761
817
493
939
480
171
557
582
400
827
428
105
921
620
422
150
841
819
571
862
640
82
990
251
12
634
18
633
638
567
445
200
89
791
153
915
858
949
788
595
309
681
472
491
305
230
334
659
255
756
49
452
159
517
530
680
827
242
927
846
154
923
944
833
383
229
16
131
468
507
291
891
32
976
554
959
609
500
946
781
300
358
379
881
519
993
42
572
262
472
89
617
22
942
441
385
737
638
108
77
215
204
191
748
466
157
420
182
963
570
71
328
296
147
547
795
545
63
314
390
188
444
869
995
418
674
870
90
535
169
223
971
392
870
567
96
167
630
416
363
573
859
609
691
401
760
321
874
396
646
839
674
325
718
889
771
334
195
330
791
287
331
646
794
347
100
936
426
580
451
628
915
646
951
817
328
834
179
595
657
353
995
693
888
329
548
646
673
981
796
762
972
301
625
76
242
214
814
344
302
824
895
295
944
19
924
29
373
901
561
936
156
600
672
438
291
637
757
466
799
453
263
445
784
688
656
614
22
875
575
115
21
834
293
833
458
700
749
870
404
520
274
771
420
860
606
372
628
187
784
604
456
349
545
848
561
450
511
256
362
310
8
497
327
447
915
321
307
839
980
591
888
887
62
279
180
492
26
923
83
285
985
834
91
970
658
671
290
445
272
8
190
493
508
95
513
776
445
972
944
285
65
789
207
194
715
569
288
266
668
70
425
587
174
78
325
173
406
356
788
244
32
862
567
972
402
396
379
967
766
403
47
53
979
797
221
197
628
897
256
90
384
24
776
203
583
602
319
431
769
340
370
90
184
700
254
202
223
235
792
319
190
321
500
266
23
372
607
377
857
129
545
509
101
699
860
9
86
364
389
799
78
948
198
426
34
957
869
280
543
19
973
394
105
936
900
64
523
511
180
211
994
941
573
641
795
860
988
485
840
246
116
858
845
992
242
242
123
75
233
66
503
328
833
839
155
152
404
165
798
796
485
575
185
179
805
136
375
556
630
173
968
384
440
298
902
115
548
113
694
658
940
449
279
115
707
667
108
733
487
644
456
824
686
44
761
541
674
667
188
106
866
567
445
60
97
119
888
536
937
40
603
292
470
141
856
37
297
70
471
138
28
641
70
985
716
145
698
397
537
361
441
880
924
589
791
373
4
219
19
588
778
572
796
447
42
165
354
546
187
724
245
605
197
50
78
225
498
459
344
952
421
492
999
576
598
722
367
881
349
483
33
79
52
882
360
456
844
622
944
551
790
152
210
812
117
836
684
875
511
567
875
544
874
67
168
287
573
221
848
319
797
473
197
703
692
166
554
314
690
622
380
876
515
792
163
269
282
187
459
762
39
492
370
782
608
488
204
984
715
73
882
624
773
625
754
317
954
506
121
950
283
370
185
889
187
999
29
82
904
898
5
387
762
87
281
305
103
415
96
204
962
569
599
617
739
756
103
890
39
845
315
776
66
508
480
668
308
481
595
608
459
122
81
816
69
496
861
687
345
450
215
540
410
917
988
714
770
567
150
430
896
139
44
59
584
229
321
255
606
612
997
621
820
488
744
840
488
782
549
243
895
416
545
588
631
774
366
149
519
766
897
740
332
165
711
320
78
23
233
839
176
607
81
732
452
593
720
922
173
148
226
987
18
906
535
481
594
455
428
809
862
172
735
840
714
257
290
655
776
424
762
466
550
709
68
289
335
812
137
38
55
444
976
371
540
909
722
425
630
230
726
623
594
424
977
5
871
240
18
196
303
65
147
748
385
760
438
308
839
247
147
781
319
390
754
419
195
364
301
805
534
865
25
546
698
140
871
126
732
63
417
95
794
941
735
989
297
229
986
779
471
414
585
383
84
945
304
205
670
558
809
507
939
213
661
438
41
600
51
245
889
313
576
776
829
52
986
378
655
764
122
966
378
522
334
120
280
641
462
752
836
666
456
174
254
910
156
582
280
297
949
697
178
741
889
159
838
808
554
33
959
925
550
905
437
842
129
418
879
541
158
399
139
298
409
223
857
402
523
919
895
404
98
358
814
425
789
637
632
176
282
472
88
430
793
910
117
550
737
411
782
738
703
739
140
551
558
879
332
667
302
437
285
635
137
555
828
192
92
12
54
491
786
704
260
686
311
708
505
498
106
307
665
113
137
158
701
359
219
263
866
909
305
964
873
844
187
453
293
239
83
925
459
725
357
291
952
998
480
453
240
850
375
834
561
994
771
172
498
978
853
469
973
828
146
145
187
821
830
415
500
858
415
266
416
181
848
940
756
846
206
702
879
765
23
17
534
471
404
879
74
15
954
314
386
613
951
630
579
212
105
131
169
65
953
382
435
110
419
381
146
831
416
651
773
151
590
209
805
129
611
715
418
951
342
486
903
101
880
802
229
219
361
545
742
75
534
814
812
641
582
425
53
23
733
242
599
304
541
235
23
743
825
450
600
389
713
218
723
467
478
334
229
616
152
927
471
870
908
698
616
776
396
164
547
187
663
395
218
100
886
600
560
645
779
486
393
910
944
354
362
317
91
345
163
248
196
436
871
805
771
728
395
843
619
247
347
661
903
414
726
318
1
624
580
878
774
584
837
665
534
560
926
555
336
300
686
51
2
300
990
227
523
412
329
159
205
717
27
533
139
732
8
530
627
44
316
467
764
284
474
611
599
206
272
211
801
839
507
319
560
297
659
603
423
499
795
588
295
422
674
58
558
305
527
802
553
396
927
293
983
220
287
717
826
379
628
317
141
119
357
366
210
707
972
842
73
404
107
129
249
728
172
343
610
416
54
294
679
469
657
406
911
215
335
341
10
941
777
44
870
478
448
177
65
309
847
850
333
684
729
149
289
799
44
256
49
943
108
410
326
335
637
671
461
951
454
995
373
631
832
131
627
64
258
771
280
994
279
302
569
204
961
995
740
508
117
113
171
79
293
66
834
367
718
536
840
777
716
113
854
851
478
702
851
598
522
226
541
272
976
54
665
805
841
122
374
642
930
952
835
342
824
294
339
766
297
261
345
722
931
503
278
166
447
717
726
260
144
143
986
890
571
899
103
239
400
30
526
596
163
198
846
763
277
513
27
184
363
85
302
262
881
819
341
474
776
500
358
124
396
115
499
788
965
945
770
925
192
100
367
267
734
748
560
733
656
514
888
934
691
542
896
59
840
725
10
752
559
628
463
900
671
402
201
49
699
59
797
332
743
102
992
264
718
35
527
133
260
607
817
262
611
424
433
853
218
440
947
241
935
19
367
563
637
466
596
333
548
511
35
598
717
556
192
589
550
632
340
806
199
877
493
951
810
202
289
248
969
347
830
259
111
557
397
725
735
430
627
253
439
194
584
748
572
220
545
55
233
843
304
586
101
142
43
59
525
415
752
435
177
348
363
202
681
776
488
160
160
466
854
120
6
88
367
5
293
744
379
591
657
235
15
126
43
245
159
969
514
338
200
320
678
192
76
91
831
382
67
796
732
385
894
766
988
184
580
13
774
39
765
780
36
161
778
942
333
238
160
437
617
518
645
822
267
535
442
814
12
277
174
910
677
583
858
272
340
249
137
858
664
146
195
476
572
419
285
517
413
134
757
594
223
630
179
214
739
73
499
454
741
765
1
497
864
855
103
453
302
506
602
85
101
301
772
471
324
169
250
848
251
925
402
878
519
580
687
48
404
645
533
268
749
683
117
898
146
697
611
717
316
831
215
906
531
673
493
922
857
707
890
570
822
651
204
816
364
123
978
285
168
56
49
657
973
335
335
418
184
873
326
626
557
533
532
419
711
495
347
846
87
765
190
696
754
962
446
98
479
301
534
23
719
327
549
260
783
557
932
197
338
76
739
984
381
264
13
289
119
785
106
868
776
132
199
403
866
352
902
11
889
238
938
883
339
304
907
231
984
273
636
154
562
150
509
11
27
206
315
491
950
157
978
694
196
666
247
587
128
147
394
431
654
921
308
101
138
856
645
78
357
781
305
846
150
951
306
626
623
188
377
660
38
412
61
732
259
245
687
673
57
320
104
837
878
205
500
641
842
408
873
171
561
237
134
169
851
132
544
245
360
621
963
939
770
733
394
243
861
575
842
892
169
971
22
38
678
467
968
944
452
665
783
216
315
207
100
800
279
892
880
127
700
443
314
436
356
164
68
145
811
257
779
267
566
981
2
590
216
97
490
385
164
600
792
694
837
748
625
563
634
594
963
968
694
715
193
725
657
585
681
515
400
824
134
195
885
516
649
334
205
510
584
182
403
496
963
101
650
620
598
608
538
504
510
218
294
811
573
851
789
276
932
630
416
975
984
340
466
598
808
322
100
292
359
125
10
782
566
199
752
92
75
38
987
73
976
895
314
916
901
75
943
798
545
928
577
953
766
428
511
624
634
53
812
277
509
247
146
386
208
512
246
374
99
697
202
895
643
343
998
90
26
550
697
733
378
301
747
430
548
57
16
139
687
129
458
23
226
711
564
730
750
927
708
390
829
569
699
847
727
681
311
423
429
422
598
85
356
79
898
208
500
715
838
151
496
108
687
970
240
179
670
931
778
269
340
99
841
308
904
808
601
899
703
866
746
592
709
266
530
374
667
147
812
356
230
35
90
558
893
722
882
729
608
548
12
379
645
161
82
500
243
48
174
91
607
600
13
971
405
903
398
421
440
866
512
523
120
423
39
306
9
284
414
183
926
872
291
155
855
367
947
548
184
31
131
619
972
721
749
629
22
118
153
989
324
461
289
742
37
488
259
222
122
776
491
958
634
991
165
734
310
858
117
38
956
850
238
410
735
892
550
398
673
409
284
890
132
424
858
465
583
549
118
367
109
725
426
408
539
172
985
981
557
16
320
164
1
115
34
474
224
879
7
145
938
860
549
713
493
600
827
210
133
699
152
760
740
750
929
231
424
829
870
563
907
569
841
658
89
120
890
17
391
385
241
703
542
973
429
248
176
713
914
938
345
775
848
858
863
560
424
251
185
803
50
394
10
443
237
369
20
891
624
374
710
810
819
747
458
448
218
767
322
681
55
710
915
931
219
132
720
982
794
529
696
640
832
588
336
847
694
99
736
60
228
285
89
541
229
534
956
101
400
416
342
657
928
504
748
339
479
79
224
105
648
37
98
96
678
71
978
232
412
611
753
119
31
262
453
770
622
375
702
685
176
620
583
378
187
39
711
328
839
996
368
616
875
632
411
192
187
993
862
159
555
725
688
788
662
223
626
667
51
978
717
105
376
539
929
29
454
719
909
639
359
650
392
416
243
138
244
399
850
262
583
629
512
544
130
451
931
795
715
963
413
45
278
861
279
264
240
336
702
383
737
468
85
224
799
904
333
273
545
524
979
228
816
788
395
89
592
831
409
479
98
659
4
945
227
315
372
531
138
979
898
908
696
468
524
116
545
289
745
226
118
658
250
191
984
185
228
490
466
191
672
408
927
224
285
79
464
139
997
484
532
802
136
566
626
72
531
349
264
280
544
304
87
184
361
439
409
813
960
42
88
882
65
947
308
490
980
473
184
446
651
406
292
261
693
315
523
684
565
913
654
879
227
186
646
368
321
744
862
845
669
651
178
955
397
650
738
189
259
137
91
58
166
818
628
138
13
826
490
47
916
725
249
48
388
208
656
878
301
939
169
237
611
338
776
1
228
336
864
43
577
335
425
428
822
596
714
409
558
509
356
495
254
815
929
944
402
131
568
189
994
859
887
319
967
854
447
827
42
628
910
677
961
448
469
581
301
820
225
791
494
247
321
792
584
673
983
795
408
832
598
98
767
675
49
718
447
106
461
968
150
886
367
929
599
679
534
806
347
348
644
582
905
776
694
747
539
96
735
294
871
651
419
210
30
812
909
286
399
751
135
195
359
256
642
607
880
391
193
904
140
177
449
60
188
17
192
990
980
301
180
351
371
167
98
499
467
157
900
786
769
248
407
596
214
450
223
649
135
88
866
148
902
830
155
694
203
359
22
14
621
918
305
98
571
783
823
193
159
144
141
723
491
407
136
892
770
852
846
738
793
542
855
893
435
32
448
540
13
404
296
108
135
886
165
850
942
309
25
430
626
31
491
991
946
144
657
496
695
263
924
350
513
284
221
79
64
412
663
540
336
284
181
755
847
33
588
604
242
285
949
461
827
416
113
762
52
864
946
292
375
952
844
750
479
945
595
851
666
87
787
531
646
485
95
342
850
736
144
914
555
54
254
411
313
464
523
98
171
458
28
199
465
372
165
383
440
431
276
901
438
737
937
156
497
419
814
343
321
771
912
316
720
33
736
322
698
433
437
16
423
498
681
209
59
589
67
274
320
711
902
420
460
242
477
818
116
99
913
894
649
181
776
400
546
712
478
433
635
843
685
7
993
260
479
940
56
729
97
908
353
540
23
609
869
493
855
478
555
918
206
600
520
542
367
242
721
282
662
347
111
634
639
476
27
895
426
201
763
537
762
387
2
6
542
109
158
167
531
54
857
999
877
716
638
86
487
451
893
237
219
774
67
749
797
719
901
546
582
973
67
654
715
18
157
819
598
515
1
258
84
554
751
609
490
111
756
922
838
941
409
974
308
526
318
988
320
253
208
823
208
612
585
557
986
203
284
859
560
819
487
972
451
635
153
665
24
457
260
686
962
978
708
641
564
92
347
190
700
169
499
346
307
178
51
472
969
194
623
287
827
896
363
20
454
437
524
672
373
653
964
863
992
521
860
229
903
943
992
894
856
95
160
391
320
142
665
273
584
681
695
829
834
972
859
66
616
689
187
128
567
674
816
47
204
636
353
786
317
822
569
26
201
728
431
732
737
971
699
313
772
252
88
692
957
136
29
20
661
794
612
215
757
865
327
182
278
113
188
684
789
879
955
762
113
670
628
107
542
128
329
645
989
874
356
316
587
125
89
69
607
333
125
523
211
354
269
336
401
250
454
624
783
16
524
892
296
326
580
288
507
922
478
534
465
966
226
883
509
12
595
154
24
120
77
456
754
433
552
758
401
293
705
292
673
705
861
973
350
463
21
261
545
801
561
685
855
591
58
244
128
386
826
390
655
300
600
664
939
68
139
862
774
821
886
215
217
187
860
760
106
252
533
47
990
334
609
223
558
391
601
164
376
309
630
16
466
316
637
373
106
198
35
282
325
158
487
723
915
347
469
669
730
298
138
876
853
780
399
321
691
377
106
548
467
974
487
466
191
871
748
900
549
487
654
908
218
251
721
832
847
886
308
211
922
932
433
79
171
754
162
685
917
316
682
728
92
486
815
350
671
22
532
44
599
568
120
244
643
230
658
603
59
566
474
805
70
894
626
535
541
409
295
437
709
63
983
234
804
926
816
732
436
371
162
825
354
264
612
354
813
190
435
940
97
559
626
351
841
877
658
197
859
280
809
263
726
96
335
536
584
885
439
716
413
926
167
688
405
649
452
806
283
272
722
351
973
354
341
150
436
633
393
927
268
620
872
156
562
898
99
258
929
77
769
927
751
719
528
170
392
938
945
193
426
852
914
588
557
458
290
372
755
185
100
951
492
511
448
793
54
12
126
506
550
194
876
206
502
794
599
254
826
171
757
498
687
201
502
415
705
285
598
104
609
727
503
744
976
818
435
241
271
734
117
381
813
440
643
232
975
708
86
763
859
36
545
585
428
602
265
292
9
33
88
768
413
22
896
823
691
133
229
684
359
359
983
93
54
376
684
248
558
270
439
997
200
835
245
574
182
917
316
375
553
144
232
238
647
348
968
791
543
819
541
843
480
401
404
500
52
453
531
52
917
17
734
739
594
91
569
577
777
323
641
773
816
854
131
216
127
746
446
706
408
893
705
738
729
596
518
798
432
744
522
728
387
265
458
536
409
493
644
556
779
391
14
220
179
767
27
626
270
188
374
306
8
825
643
24
312
996
10
997
573
771
146
33
800
912
387
552
396
594
807
633
102
889
927
18
879
485
559
961
569
891
528
244
371
217
721
562
621
434
225
412
484
646
983
8
245
981
420
266
381
475
230
676
381
740
204
118
898
626
144
826
437
49
429
681
243
901
662
584
192
824
930
962
370
395
150
456
905
919
772
898
66
294
580
94
662
852
863
630
13
603
663
995
290
398
975
436
218
303
765
343
319
835
74
556
544
267
306
985
591
748
212
978
853
246
761
144
468
335
19
390
39
33
571
589
161
935
672
972
420
714
238
603
154
429
579
230
220
24
549
395
547
877
39
264
391
684
143
45
636
831
967
883
284
375
305
287
265
485
396
609
595
334
566
876
511
609
825
424
666
531
923
444
785
623
843
161
993
307
198
476
793
628
336
588
746
354
320
779
125
292
965
734
628
940
800
213
312
162
753
782
859
718
378
106
907
523
99
660
531
145
293
957
288
919
816
967
997
978
131
157
289
46
300
375
566
190
815
845
823
630
849
831
554
416
617
75
250
230
680
223
256
659
248
980
998
8
447
709
124
832
216
334
32
596
493
813
419
4
540
718
708
254
837
900
295
462
404
872
302
742
717
767
298
907
901
630
798
319
376
558
743
107
721
990
415
516
800
957
922
803
655
247
690
962
515
3
821
347
685
537
604
574
407
381
116
448
36
125
695
863
16
100
628
981
975
601
532
847
485
779
661
447
949
499
88
471
78
336
392
898
808
451
634
838
954
169
699
340
875
967
480
675
262
60
787
555
619
709
987
914
470
974
862
906
875
157
625
907
294
644
370
700
733
796
56
565
466
789
28
806
901
192
972
518
299
986
186
890
712
533
852
369
348
478
429
833
589
728
962
797
543
792
47
231
597
780
942
465
5
223
89
829
681
181
13
278
3
344
607
889
971
735
196
761
792
2
353
255
368
222
976
738
827
230
263
110
146
741
920
519
44
720
886
490
444
24
687
168
465
151
831
245
121
73
826
808
596
286
439
595
428
687
97
782
246
351
3
451
917
902
133
261
424
89
846
252
848
706
317
769
315
185
790
218
390
732
618
754
404
454
514
860
303
325
92
356
623
104
244
94
22
237
250
563
19
570
820
32
227
575
960
890
968
669
281
243
897
879
393
514
733
248
47
464
389
272
957
100
997
491
628
745
462
224
748
79
935
227
200
820
911
586
528
829
494
624
892
634
45
849
458
743
711
730
360
773
190
786
174
746
612
721
35
736
946
215
428
744
921
203
307
670
680
572
602
147
719
217
969
765
380
324
56
149
33
884
35
732
863
974
888
150
54
453
208
191
552
792
883
280
197
148
712
841
542
787
64
139
128
213
54
972
816
409
367
288
666
886
703
62
181
695
881
946
314
157
617
227
365
412
595
927
334
689
569
232
612
214
606
246
820
895
605
650
920
916
333
644
87
919
525
666
89
821
100
501
267
766
528
386
170
837
773
715
617
127
639
128
840
135
676
453
280
458
241
285
90
231
26
397
823
973
140
445
887
929
838
513
590
68
965
845
685
221
76
983
123
889
33
794
278
206
804
952
243
72
386
631
580
814
412
36
740
131
562
197
697
329
828
688
288
126
537
773
169
830
767
60
382
258
163
200
198
231
120
617
169
188
202
815
544
207
932
776
655
929
106
554
658
878
287
793
62
345
506
152
669
31
783
412
305
326
249
323
652
212
838
509
12
944
28
509
127
13
144
81
193
761
118
239
725
213
401
504
970
369
138
852
724
968
948
139
404
790
510
218
958
610
124
444
92
596
543
714
850
777
667
50
202
426
958
908
913
545
687
93
924
745
352
284
74
985
784
43
996
889
105
336
502
926
123
583
637
674
148
129
669
687
653
194
701
89
651
299
10
40
226
859
103
418
293
213
259
840
370
106
812
501
717
961
672
331
547
275
303
376
271
239
398
558
423
238
93
158
582
984
335
485
34
956
664
246
234
84
633
910
324
797
304
42
317
169
970
691
521
370
542
376
996
634
768
986
462
545
995
56
121
101
258
386
771
327
467
761
298
427
98
463
642
392
52
474
935
356
241
254
268
401
637
212
443
958
488
399
188
677
783
688
89
578
790
224
539
918
271
990
701
209
394
94
273
80
734
605
583
295
51
107
304
741
788
719
464
46
943
812
838
69
573
620
644
410
375
64
602
828
934
18
86
251
553
59
8
543
939
364
224
883
816
893
626
677
384
347
790
71
759
494
975
458
152
633
635
773
450
863
704
670
3
754
360
34
21
54
189
730
711
920
106
579
588
955
253
680
994
966
26
28
274
531
69
441
43
627
99
920
423
235
94
77
659
553
880
62
533
593
656
331
159
60
360
839
388
396
870
197
381
955
778
484
837
677
397
472
686
919
991
394
955
269
307
477
827
29
920
35
75
191
148
402
310
695
868
214
171
229
53
646
757
901
540
467
456
609
240
981
157
408
376
613
601
263
375
890
753
883
12
359
475
835
123
190
808
377
174
143
809
183
301
457
866
345
636
54
729
839
21
218
789
939
877
666
814
534
800
48
320
977
461
288
218
694
172
921
779
350
659
79
436
97
172
974
108
919
747
256
626
322
162
913
862
794
569
535
957
456
376
274
577
126
822
831
721
14
240
173
173
715
274
379
180
941
781
692
767
903
559
895
787
544
421
997
816
548
425
423
125
637
964
324
974
386
502
311
275
341
253
95
679
574
83
911
49
782
733
921
13
877
767
54
896
480
487
33
704
825
16
174
588
816
49
536
750
950
405
794
440
471
418
427
651
465
216
213
461
510
949
34
814
504
410
248
869
910
427
494
898
469
606
449
325
79
506
863
526
546
161
99
377
938
482
542
459
341
403
432
264
274
571
195
875
981
359
84
406
801
667
840
523
910
896
970
865
968
102
573
958
353
687
914
350
851
656
876
23
868
788
528
508
994
231
624
898
412
574
344
719
422
457
724
879
320
575
466
43
511
677
490
239
830
473
911
587
656
845
25
325
483
62
538
13
139
333
528
680
272
73
453
395
758
853
536
896
963
36
30
276
191
833
511
192
299
290
678
521
320
38
242
567
549
19
236
361
918
711
740
987
48
786
771
439
224
95
480
976
937
15
624
621
815
749
135
649
550
346
714
849
655
7
361
234
831
886
845
739
617
176
977
252
296
43
229
404
63
73
968
204
809
701
584
305
414
621
751
800
884
586
810
572
997
891
332
41
425
537
607
337
250
741
359
761
38
373
325
773
520
730
587
478
378
511
40
954
422
57
820
211
136
46
855
31
365
405
255
405
710
188
979
526
465
631
954
69
342
823
267
42
296
978
280
154
999
333
194
486
851
378
618
369
716
397
202
204
885
329
396
633
118
920
63
333
751
61
13
747
556
970
612
599
789
779
914
157
765
702
32
33
211
768
553
332
570
611
809
68
429
750
184
14
427
634
923
376
915
947
403
938
321
447
930
880
766
20
579
937
482
45
439
184
298
364
422
350
367
731
762
140
252
944
318
806
787
599
173
155
855
539
242
817
299
93
712
763
838
672
566
551
33
872
586
385
312
999
716
63
212
573
9
185
185
263
687
376
129
124
94
168
846
424
82
943
802
621
884
205
652
658
512
694
165
212
108
380
359
933
494
787
882
110
943
283
531
58
633
36
405
336
635
714
579
399
704
608
790
642
582
691
116
511
411
554
61
314
20
973
156
308
18
195
630
306
285
737
481
799
413
745
988
848
800
317
24
798
116
765
508
500
589
716
352
803
672
372
698
389
222
217
38
659
880
98
318
440
85
273
115
966
128
991
230
836
703
267
711
95
530
262
199
254
466
656
718
301
842
826
634
912
39
92
577
196
707
329
968
702
998
583
714
842
651
541
372
598
487
516
101
406
661
604
858
959
18
784
194
225
380
17
597
258
639
202
927
36
415
34
130
374
298
9
96
947
548
357
603
924
284
121
814
327
726
228
252
435
233
617
179
923
135
743
322
982
985
457
203
450
614
336
183
453
386
726
108
652
509
911
412
661
181
270
941
260
202
271
531
412
949
493
803
797
855
207
239
555
687
113
961
92
155
154
311
947
937
362
941
999
121
600
925
321
205
518
742
865
802
63
780
715
925
791
500
121
533
386
598
180
488
553
965
396
949
321
507
28
958
993
323
840
330
532
291
350
567
482
593
338
464
373
752
624
333
247
166
363
653
190
415
552
763
761
512
568
635
530
372
884
11
715
907
808
740
939
385
393
500
150
554
52
792
261
715
115
800
341
64
702
155
144
374
769
579
771
78
568
20
723
715
37
111
708
327
749
466
943
883
393
861
772
862
504
636
364
759
503
46
398
767
294
467
669
729
867
341
139
230
969
862
817
374
777
435
517
940
84
933
966
648
856
457
671
840
382
281
870
133
216
12
574
523
622
955
421
570
441
979
460
409
328
714
914
530
45
399
86
69
119
423
675
569
80
749
911
836
796
828
348
586
471
6
14
957
289
295
752
821
14
946
500
105
474
558
321
143
543
141
796
983
196
801
15
793
337
6
443
872
45
585
774
612
632
873
937
323
700
957
242
750
647
264
55
173
922
570
96
522
429
768
294
655
33
364
391
669
990
221
621
284
851
879
777
429
172
887
473
600
620
998
442
586
899
46
336
931
747
842
870
766
909
921
444
276
291
120
580
268
483
269
332
480
336
957
899
767
487
626
1
35
98
495
901
431
327
708
755
986
28
459
922
149
350
854
374
929
435
502
139
53
308
205
117
351
666
962
250
942
147
569
445
121
841
836
668
415
21
14
949
583
365
593
240
25
347
183
130
481
584
970
332
984
488
948
727
892
378
551
764
364
459
813
840
459
14
801
307
514
187
958
909
422
552
556
688
714
965
93
5
483
833
768
358
176
237
460
633
893
109
776
38
469
250
586
124
551
753
780
11
545
876
616
295
625
61
910
433
931
260
14
927
286
546
281
531
690
455
664
223
554
168
413
405
410
921
440
173
966
432
137
960
185
82
459
607
218
473
733
115
327
28
701
633
96
848
751
923
968
56
433
96
89
558
457
378
463
211
884
703
621
737
466
500
124
53
742
204
88
673
313
218
722
549
896
526
466
779
310
562
170
516
204
911
998
41
871
627
625
82
145
7
588
30
494
589
561
202
510
43
107
548
836
295
742
216
374
540
662
930
911
683
900
323
533
105
533
555
502
83
181
116
579
6
529
307
629
693
56
307
965
265
270
267
455
622
680
909
170
782
667
332
964
694
170
461
107
266
496
389
56
7
700
428
862
990
969
830
766
435
587
680
485
355
965
647
414
633
868
911
425
624
385
719
415
848
151
884
836
68
201
364
197
666
251
958
564
841
405
464
652
850
143
734
196
987
847
609
728
522
48
473
398
584
964
432
621
981
13
14
840
86
993
698
235
223
484
818
104
8
83
572
229
404
260
574
481
651
523
428
2
541
157
315
21
727
966
612
701
819
338
583
828
391
624
567
856
445
499
972
503
29
506
721
439
475
244
993
325
390
950
970
458
585
12
299
928
679
678
507
257
871
117
285
670
500
743
838
780
693
718
37
153
550
924
973
36
436
876
546
484
972
288
312
869
367
125
244
379
325
638
178
767
991
715
632
911
221
51
939
731
405
214
632
672
914
818
908
661
39
264
493
803
132
24
285
584
805
416
303
375
500
460
455
55
540
270
161
834
293
63
814
385
936
814
80
758
656
639
955
549
217
583
340
62
145
375
635
968
431
48
106
805
748
564
231
945
759
577
133
644
657
74
368
976
449
109
866
318
943
527
927
167
461
753
158
917
120
393
909
166
634
193
404
245
956
10
636
372
583
135
999
79
506
311
892
143
215
364
613
37
508
318
25
903
121
938
345
995
407
314
825
366
667
967
10
465
670
124
20
439
473
494
734
809
528
849
660
151
860
16
702
755
780
873
657
317
168
500
125
18
665
641
965
269
309
633
411
539
301
428
472
92
345
174
564
15
583
215
376
271
278
195
135
392
611
71
585
794
310
693
297
171
998
2
774
832
528
465
501
894
438
122
849
433
543
611
411
607
310
642
734
953
124
853
739
471
506
574
658
239
49
617
229
608
131
302
93
343
400
731
486
118
714
482
833
157
345
701
849
1
659
978
484
668
958
344
47
146
262
303
326
954
807
262
846
820
892
242
303
241
519
68
208
578
156
617
240
642
20
583
127
804
725
657
579
70
133
561
649
787
255
946
81
97
406
532
310
452
635
13
265
103
399
608
482
591
771
906
512
342
105
405
126
679
177
521
229
150
682
776
687
331
592
515
985
572
987
111
173
624
307
787
7
7
318
24
405
118
176
988
299
227
50
308
683
850
821
402
919
884
304
160
769
858
326
933
510
884
622
910
604
660
734
888
36
317
398
119
361
154
117
112
974
694
478
461
282
285
832
135
750
586
192
288
321
147
19
149
681
384
513
521
495
266
385
639
493
161
273
366
453
702
41
766
768
192
186
75
381
864
652
226
52
487
160
19
469
446
568
888
299
250
437
977
640
595
617
709
310
839
967
121
12
466
682
48
545
425
520
129
961
943
767
816
732
287
469
8
106
366
170
48
593
384
68
204
266
64
126
173
574
476
765
542
897
531
214
586
805
113
473
44
925
439
927
355
482
620
245
353
126
610
604
943
669
920
528
628
399
478
782
482
299
347
554
485
179
225
919
201
73
883
202
993
893
126
123
154
457
712
721
645
818
772
48
964
872
821
873
977
3
586
187
328
330
990
745
578
885
443
177
258
701
44
281
242
408
610
51
543
798
375
172
686
756
138
664
527
300
589
612
357
351
942
198
487
696
874
663
903
381
544
269
14
535
464
943
774
492
805
557
263
771
330
180
628
415
500
571
193
327
219
278
296
831
819
906
759
845
794
546
534
947
147
162
254
106
158
151
293
194
889
35
495
33
350
586
22
763
570
72
196
303
470
577
163
266
973
183
716
557
185
929
698
260
23
315
624
168
925
523
258
349
278
999
437
184
783
263
482
233
885
996
276
722
350
231
477
570
999
987
133
975
435
735
9
960
336
236
10
35
961
853
837
48
814
846
25
471
140
979
483
710
700
483
672
189
653
975
909
791
838
55
169
937
390
282
914
542
990
477
847
547
253
448
272
32
159
229
908
503
207
6
430
21
505
422
275
952
64
820
307
361
326
219
196
907
685
899
657
532
932
482
480
663
132
935
458
253
212
640
30
425
67
407
585
832
625
149
433
967
7
962
479
171
170
487
222
35
252
364
347
259
571
376
570
724
526
767
888
570
964
22
740
423
790
882
294
919
633
363
283
537
467
690
526
970
4
309
493
645
714
423
2
847
294
770
853
691
836
861
307
857
260
862
4
984
222
56
381
288
193
302
402
888
82
810
792
881
850
600
720
217
274
244
856
541
21
893
130
20
30
603
83
771
57
425
277
604
687
541
748
948
928
206
452
412
22
113
765
483
978
971
840
236
142
90
584
16
7
462
964
329
925
362
258
590
219
630
832
657
533
188
195
310
852
772
289
69
792
444
520
908
128
646
42
59
762
847
630
966
841
262
597
225
577
419
23
566
947
861
193
391
280
109
950
790
776
530
384
369
801
515
224
563
942
56
202
280
321
200
827
372
1
866
816
272
591
970
733
434
750
722
122
930
252
129
628
19
696
251
282
233
464
261
166
326
38
35
283
521
217
743
246
747
35
820
390
414
293
678
200
806
797
950
619
79
394
294
311
814
427
184
583
70
917
595
908
740
700
490
235
556
688
212
217
7
476
374
895
431
738
215
726
18
51
476
435
514
641
88
931
744
723
469
94
34
160
177
830
439
912
650
713
802
444
644
118
586
733
612
602
21
398
880
76
213
457
566
19
441
161
395
100
613
559
490
832
220
118
183
847
300
543
456
518
89
501
923
574
407
359
849
780
29
485
911
347
843
393
881
576
593
158
389
279
518
551
100
244
953
811
898
468
551
765
302
477
941
362
986
711
534
992
611
83
311
614
71
129
648
144
989
826
237
606
254
143
155
178
1
538
401
680
620
596
460
381
229
264
183
434
405
481
406
170
43
601
546
307
967
903
480
971
595
810
822
73
232
944
511
160
323
764
362
449
311
853
372
16
623
929
385
806
945
214
739
508
420
67
564
653
596
847
210
97
58
429
85
810
774
387
150
285
753
24
112
641
119
957
859
189
229
530
684
39
519
673
27
382
72
314
652
165
381
858
564
475
554
266
391
881
768
562
242
236
780
101
54
922
103
98
389
463
208
375
424
66
164
172
578
384
403
703
739
461
734
985
903
895
459
636
87
853
566
977
420
666
289
448
258
418
620
105
279
973
924
190
956
7
434
498
312
383
687
7
479
66
823
781
501
794
198
159
463
467
12
536
896
231
